[20394]
[8558]
[9076]
[619]
[611]
[17789]
[9698]
[8840]
[1403]
[8727]
[8556]
[2857]
[389]
[19031]
[21403]
[19338]
[1391]
[18605]
[9409]
[7852]
[1300]
[8730]
[9696]
[556]
[21335]
[7166]
[8844]
[9030]
[8725]
[9652]
[8848]
[7335]
[7373]
[6556]
[19677]
[8732]
[20611]
[19697]
[19734]
[8842]
[4433]
[293]
[27166]
[8604]
[855]
[9412]
[17376]
[8736]
[18834]
[10388]
[17781]
[9339]
[8295]
[2103]
[19163]
[7375]
[394]
[9029]
[1627]
[9663]
[8851]
[1407]
[1298]
[9588]
[6370]
[1333]
[116]
[7337]
[8293]
[613]
[15284]
[2118]
[857]
[1335]
[295]
[2116]
[14427]
[8738]
[18843]
[3610]
[442]
[9410]
[19664]
[228]
[19077]
[437]
[19679]
[8615]
[6086]
[8613]
[19462]
[2855]
[558]
[615]
[6332]
[2169]
[118]
[7768]
[9340]
[9436]
[1625]
[2170]
[268]
[9162]
[21333]
[18032]
[2442]
[7942]
[9164]
[8837]
[1814]
[7100]
[6084]
