[7095]
[21815]
[7105]
[973]
[8737]
[7134]
[2856]
[9028]
[21336]
[856]
[6391]
[8841]
[18606]
[2306]
[7376]
[19652]
[8722]
[7107]
[4427]
[19029]
[17768]
[555]
[8728]
[9659]
[20393]
[614]
[6528]
[8843]
[2032]
[8849]
[9697]
[764]
[26391]
[9679]
[17375]
[9033]
[8845]
[9411]
[8614]
[17852]
[8834]
[9734]
[9077]
[19162]
[9286]
[9338]
[19663]
[386]
[9677]
[7789]
[17942]
[7806]
[1224]
[18851]
[8294]
[9404]
[7790]
[1561]
[6560]
[19696]
[5284]
[294]
[21334]
[19586]
[19032]
[18844]
[7781]
[8735]
[8557]
[20973]
[6595]
[117]
[3613]
[8605]
[19339]
[9585]
[388]
[393]
[8847]
[8856]
[1406]
[8032]
[18842]
[2117]
[17373]
[441]
[19340]
[8740]
[1332]
[1336]
[9587]
[9462]
[8836]
[1334]
[18604]
[8555]
[9163]
[612]
[19076]
[7099]
[9664]
[8838]
[9381]
[2182]
[7109]
[20386]
[1404]
[9420]
[2441]
[16556]
[18848]
[9583]
[8733]
[7174]
[7097]
[19030]
[8306]
