[7373, 19077]
[116, 2118]
[7376, 19663]
[5284, 16556]
[8851, 17781]
[9029, 19031]
[1333, 21335]
[17375, 17768]
[613, 8615]
[7768, 19664]
[388, 17768]
[2116, 9340]
[388, 20386]
[8844, 19163]
[7768, 20611]
[2116, 9339]
[7768, 19077]
[2116, 2118]
[295, 10388]
[8032, 17768]
[8834, 18844]
[8604, 18605]
[17768, 19652]
[7373, 18032]
[9696, 19338]
[9033, 19032]
[9664, 17375]
[2855, 2857]
[18604, 18606]
[6556, 15284]
[9163, 18844]
[611, 19077]
[7768, 18032]
[295, 8295]
[9077, 17373]
[558, 8556]
[7768, 10388]
[611, 17376]
[2117, 9338]
[857, 2855]
[293, 8295]
[9664, 17942]
[1335, 21333]
[8851, 18834]
[9664, 17768]
[388, 18851]
[295, 8293]
[7373, 17376]
[9076, 19664]
[17373, 17375]
[8294, 18851]
[118, 2118]
[9340, 19697]
[7375, 20611]
[2117, 19340]
[117, 2117]
[855, 2857]
[7768, 19734]
[8613, 8615]
[8293, 8295]
[9339, 19697]
[17373, 17768]
[2117, 19339]
[19077, 20611]
[9077, 17768]
[16556, 18604]
[8834, 18851]
[8851, 17789]
[116, 2116]
[613, 3610]
[2118, 9340]
[7781, 18851]
[8295, 10388]
[9338, 19696]
[9734, 17768]
[615, 8613]
[7768, 17376]
[7376, 17768]
[9030, 19031]
[9077, 19652]
[1333, 21403]
[8851, 19163]
[118, 2116]
[19076, 19652]
[9077, 19663]
[8605, 18604]
[7768, 8293]
[388, 8294]
[17768, 19076]
[556, 8558]
[2118, 9339]
[612, 3613]
[8605, 18606]
[7375, 19664]
[8294, 17768]
