[7768, 19663]
[9664, 19077]
[7768, 17942]
[7375, 19652]
[8848, 18851]
[614, 8615]
[9164, 18844]
[9652, 17375]
[19030, 19031]
[619, 8306]
[9077, 19664]
[7768, 17373]
[614, 8613]
[8851, 17852]
[7373, 17768]
[2117, 2118]
[8556, 8557]
[388, 8295]
[2117, 9339]
[7373, 17375]
[8851, 18844]
[8294, 8295]
[9652, 19076]
[18604, 18605]
[442, 2441]
[17768, 19077]
[1335, 21336]
[7942, 17373]
[8557, 8558]
[17768, 19664]
[3610, 3613]
[9077, 19734]
[1814, 21815]
[7375, 17373]
[2118, 9338]
[556, 8557]
[8613, 8614]
[2182, 14427]
[611, 17768]
[8614, 8615]
[9338, 19677]
[9030, 19029]
[8295, 17768]
[1332, 21335]
[293, 8294]
[857, 2856]
[612, 3610]
[295, 8294]
[856, 2855]
[9663, 17768]
[441, 2442]
[2118, 19340]
[615, 8614]
[7768, 19076]
[9664, 18032]
[7166, 17852]
[9076, 17373]
[17768, 18032]
[9029, 19030]
[7375, 17768]
[8032, 19664]
[9664, 17376]
[8842, 18851]
[8848, 17852]
[7768, 19652]
[17375, 19664]
[8294, 10388]
[118, 2117]
[611, 17942]
[8834, 18843]
[294, 8293]
[8844, 17852]
[116, 2117]
[9339, 19696]
[7852, 18851]
[9652, 17768]
[117, 2116]
[1333, 21334]
[8844, 18851]
[8605, 18605]
[9076, 17768]
[611, 17375]
[9162, 18851]
[294, 10388]
[8604, 18606]
[7942, 17768]
[8851, 18842]
[7768, 8294]
[9663, 19076]
[2117, 9340]
[9077, 20611]
[9663, 17375]
[2855, 2856]
[7375, 19663]
[7768, 17375]
[9339, 19340]
[2116, 9338]
[8844, 19162]
[2856, 2857]
[388, 10388]
[117, 2118]
[8851, 19162]
[9340, 19696]
[555, 8558]
[9734, 19077]
[558, 8555]
[294, 8295]
[855, 2856]
[8293, 8294]
[7852, 18844]
[15284, 16556]
[558, 8557]
[2442, 2856]
[19029, 19031]
[856, 2857]
[2116, 2117]
[8295, 17373]
[613, 8614]
