[294, 8293, 8295]
[2117, 2118, 9339]
[2117, 2118, 9340]
[855, 2856, 2857]
[388, 8294, 18851]
[614, 8613, 8615]
[118, 2116, 2117]
[2116, 2117, 9340]
[615, 8613, 8614]
[295, 8293, 8294]
[9664, 17375, 17768]
[7768, 17375, 19664]
[2116, 2117, 2118]
[295, 8294, 8295]
[613, 8614, 8615]
[9030, 19029, 19031]
[611, 17768, 19077]
[9029, 19030, 19031]
[8605, 18604, 18606]
[558, 8556, 8557]
[117, 2116, 2118]
[7768, 8293, 8294]
[388, 8294, 17768]
[9077, 17373, 17768]
[293, 8294, 8295]
[556, 8557, 8558]
[857, 2855, 2856]
[8294, 8295, 10388]
[118, 2117, 2118]
[294, 8295, 10388]
[2116, 2117, 9339]
[295, 8294, 10388]
[116, 2116, 2117]
[7768, 8294, 10388]
[116, 2117, 2118]
[856, 2855, 2857]
[7375, 17768, 19664]
